-62.10046768 -57.65810776
-34.10435486 -58.44477463
-13.51217270 -59.27771759
13.37334919 -61.03615189
33.08631516 -61.22124863
61.91536713 -58.16712952
-59.18516922 -38.50043869
-34.89102173 -33.68788528
-13.09570217 -34.24317932
13.09570217 -33.08631516
33.41023636 -35.30749512
60.24948502 -36.32553482
-59.64791489 -12.21648502
-35.49259186 -11.15217018
-11.29099369 -10.96707153
11.93883801 -10.04158020
34.42827606 -9.44001102
58.02830505 -14.29884052
-57.28791046 9.53256035
-34.79847336 9.16236401
-9.99530602 12.12393570
13.92864418 10.04158020
37.01965332 10.96707153
61.49889755 10.59687519
-61.22124863 34.47455215
-37.99141693 34.89102173
-13.92864418 37.43612289
14.43766403 34.84474945
35.26121902 38.40789032
57.75065613 37.43612289
-56.87144089 59.78673935
-35.02984619 59.41654205
-12.72550583 56.50124359
10.68942451 56.73261642
37.15847397 58.21340179
58.76869965 56.50124359
